1.127270 0.767182
1.239486 1.094493
1.119854 0.804537
1.122143 0.842151
1.050195 0.912343
0.845355 0.803087
0.964042 1.215361
0.999001 1.065378
0.774216 1.194075
1.234527 1.145596
0.768006 1.225158
0.956381 0.977027
0.955405 1.099254
1.080973 1.195616
1.023675 1.219588
0.753388 1.051736
0.914159 0.934225
1.163038 1.026391
0.786683 1.205428
0.848209 0.979423
0.887242 1.068827
1.130917 0.908025
1.084727 1.085994
1.071863 1.143979
1.092158 1.243103
1.086802 1.067194
1.138150 0.999077
1.114559 1.164212
1.104137 0.936377
0.977409 1.009423
0.893178 1.217269
0.824526 0.997337
1.045633 0.798982
0.799058 0.903905
0.867679 1.110866
0.819369 1.105083
1.088176 1.146329
1.115307 1.030740
0.809282 1.173276
0.909841 1.182096
0.766907 1.015557
0.886967 0.790651
1.166135 1.108943
0.836215 0.947012
1.107555 0.784684
1.114727 0.777345
0.870060 0.983650
0.817095 0.996025
1.065729 0.854282
0.794160 0.912206
0.932318 0.937490
0.910726 1.218780
0.779084 0.891560
1.183424 1.141568
0.851749 0.960227
1.188871 0.776978
1.131665 1.137051
0.883183 1.196486
0.835528 1.229171
1.223083 1.145428
1.130795 0.773682
1.229370 0.915044
0.832369 1.009575
0.883564 1.215377
1.096675 0.858524
0.998070 1.127087
0.878147 1.117580
0.950522 0.960776
1.164228 0.816851
0.923238 1.101451
0.754196 0.945502
1.037942 1.166608
1.097621 0.998802
1.026742 1.055780
0.957984 1.049829
0.829913 1.219985
0.917150 0.798509
0.760910 1.228805
0.986274 0.801515
1.129543 0.963630
0.838748 0.835772
0.963630 1.014992
0.930898 1.098994
1.220153 1.111950
1.025918 1.200179
1.125942 1.162015
0.886891 1.143399
1.039224 1.229476
1.154187 0.757706
0.972068 1.030313
1.173246 0.776597
1.164685 0.771897
0.788041 1.019951
0.852069 0.915471
0.866077 0.881581
1.113720 1.189650
1.070429 1.075709
0.946844 0.932974
1.144391 0.845218
0.954077 1.093822
1.224654 1.085093
0.785752 0.965445
0.948172 1.083796
1.228011 0.984748
0.868854 0.836230
1.076701 1.172422
0.949210 1.130825
1.188444 1.042993
1.143002 0.864383
0.848651 1.062616
0.834231 0.787461
0.847934 0.982887
1.148267 1.133602
0.906804 1.128719
0.900594 0.835406
0.839938 0.968513
1.199019 0.780793
1.100108 1.044595
0.964560 0.812243
1.092677 1.092235
0.887272 0.922475
0.901311 0.925115
1.081919 0.849414
0.815355 0.915716
0.959693 1.023827
0.799623 1.148389
1.081248 1.072535
0.797166 1.073466
1.006935 0.830386
1.005760 1.240524
0.909581 1.064295
1.018502 0.938772
0.965720 0.862125
0.969474 0.822909
0.790635 0.889912
1.074763 0.852329
0.933172 0.970191
1.209685 1.122005
1.195509 1.184950
0.912755 0.913137
0.793886 0.955924
0.957053 1.041543
1.125835 0.805727
0.879521 0.832095
1.159299 0.752609
1.109050 0.797304
1.209594 1.042261
1.083613 0.848010
1.119640 1.169553
0.997505 1.114498
0.359172 0.143559
0.318918 0.456099
0.058458 0.448729
0.218741 0.237342
0.492248 0.155599
0.051073 0.448958
0.029511 0.133946
0.026124 0.251473
0.064776 0.321680
0.216193 0.020142
0.446257 0.002457
0.035142 0.468657
0.416913 0.045289
0.332270 0.430235
0.083728 0.059130
0.240959 0.374050
0.181005 0.165593
0.172933 0.485183
0.143117 0.343074
0.098529 0.385998
0.252510 0.045183
0.003861 0.327464
0.378613 0.046770
0.165197 0.428236
0.073000 0.220573
0.131535 0.289590
0.036882 0.197714
0.055666 0.064730
0.226005 0.115040
0.264595 0.310053
0.109104 0.402585
0.209738 0.196921
0.345149 0.314066
0.187704 0.411878
0.395291 0.153844
0.472243 0.323435
0.334849 0.403165
0.247810 0.243645
0.381314 0.198920
0.485702 0.362453
0.403577 0.368282
0.152989 0.183020
0.428404 0.471816
0.395367 0.036332
0.409497 0.058748
0.083850 0.002731
0.274972 0.087222
0.366848 0.319056
0.018693 0.212622
0.117267 0.099094
0.351222 0.397275
0.416135 0.445814
0.175893 0.044557
0.462722 0.283059
0.405942 0.110538
0.052187 0.485412
0.387661 0.396252
0.011170 0.133686
0.446104 0.473785
0.232063 0.474914
0.318064 0.449293
0.196402 0.414182
0.488708 0.016007
0.128407 0.117038
0.196890 0.000534
0.168752 0.050401
0.125278 0.355220
0.209632 0.039842
0.040422 0.300104
0.281533 0.171896
0.398877 0.067400
0.132389 0.118976
0.184561 0.451598
0.389813 0.215415
0.493423 0.118305
0.446760 0.362514
0.130528 0.375164
0.461760 0.090869
0.235740 0.357540
0.113712 0.358119
0.203101 0.332743
0.002457 0.409940
0.410001 0.075152
0.335307 0.282922
0.021332 0.016068
0.290307 0.277001
0.384671 0.120884
0.197134 0.475738
0.281716 0.197028
0.425718 0.142689
0.051927 0.085696
0.123554 0.071795
0.353877 0.440489
0.192511 0.219962
0.079699 0.045991
0.145131 0.200079
0.188818 0.379742
0.231803 0.462493
0.476012 0.370220
0.478790 0.243019
0.039644 0.054430
0.028230 0.105777
0.465987 0.088015
0.420362 0.158788
0.494659 0.310892
0.208853 0.270638
0.181341 0.321863
0.049684 0.366115
0.323176 0.265023
0.154424 0.129200
0.162313 0.281213
0.248177 0.191427
0.133656 0.327708
0.423276 0.133488
0.172033 0.319132
0.028901 0.378765
0.344493 0.292749
0.487609 0.306330
0.323603 0.051424
0.179144 0.161931
0.467086 0.487167
0.282327 0.094943
0.019456 0.038347
0.215506 0.399350
0.201636 0.484146
0.066363 0.286996
0.203406 0.028642
0.151494 0.271218
0.345363 0.378430
0.096545 0.488968
0.424985 0.266243
0.077548 0.039384
0.013138 0.124180
0.113865 0.167333
0.216422 0.359401
0.053682 0.369579
0.170766 0.435423
0.142354 0.252007
0.282235 0.212333
0.314508 0.216086
0.480590 0.248848
0.100345 0.302316
0.000977 0.019364
0.286843 0.269189
0.459777 0.249290
0.224418 0.235588
0.239830 0.321543
0.419797 0.464782
0.451018 0.457579
0.305597 0.118137
0.481521 1.625813
0.327311 1.556703
0.405652 1.880902
0.238258 1.518769
0.263726 1.586612
0.243278 1.751503
0.479492 1.725761
0.381481 1.924818
0.431120 1.750084
0.289102 1.905667
0.440916 1.673345
0.232749 1.720649
0.199744 1.860652
0.053774 1.785424
0.391614 1.717338
0.414441 1.728660
0.033998 1.730186
0.486465 1.889004
0.299799 1.564425
0.472549 1.812845
0.336116 1.669607
0.101550 1.831385
0.345943 1.597156
0.488006 1.544755
0.448042 1.983154
0.496307 1.791604
0.080859 1.899243
0.000595 1.932066
0.465957 1.524796
0.180807 1.522416
0.396573 1.843562
0.245231 1.709494
0.367199 1.817652
0.220725 1.922727
0.309381 1.742500
0.200751 1.692465
0.449736 1.735374
0.192206 1.672185
0.055620 1.560869
0.451308 1.693030
0.084094 1.746483
0.449568 1.928587
0.499893 1.691260
0.360118 1.998352
0.277841 1.720847
0.205313 1.587527
0.355693 1.791910
0.055910 1.911817
0.052492 1.798990
0.422803 1.604785
0.218680 1.687201
0.231635 1.856487
0.133015 1.823588
0.021180 1.880963
0.412381 1.830439
0.255867 1.541108
0.449782 1.833674
0.393155 1.708838
0.146321 1.829310
0.096576 1.688696
0.452925 1.621281
0.234825 1.783135
0.486847 1.533708
0.057512 1.827464
0.239433 1.850597
0.188498 1.772698
0.140141 1.686239
0.327021 1.644368
0.492553 1.739524
0.297647 1.955382
0.048173 1.634968
0.339320 1.901181
0.233650 1.803934
0.274453 1.915204
0.296701 1.608921
0.448393 1.912900
0.386822 1.664220
0.080004 1.802194
0.336055 1.555910
0.414258 1.588870
0.155690 1.914472
0.316797 1.654622
0.014313 1.542970
0.201880 1.536225
0.213004 1.554125
0.433775 1.783746
0.423093 1.719214
0.092410 1.725959
0.202460 1.982101
0.243995 1.721122
0.055589 1.841258
0.107059 1.721351
0.053270 1.553377
0.254677 1.728355
0.277474 1.861064
0.243431 1.969115
0.107028 1.698264
0.309748 1.869320
0.109882 1.576357
0.024293 1.652791
0.057192 1.603931
0.044939 1.644993
0.325327 1.843562
0.359020 1.608829
0.201056 1.958602
0.155400 1.690710
0.355785 1.853099
0.217261 1.805109
0.004181 1.758126
0.475738 1.535844
0.013352 1.967345
0.115452 1.881893
0.477386 1.675253
0.372555 1.926206
0.023621 1.621006
0.415494 1.755409
0.366085 1.991134
0.449644 1.708701
0.371242 1.784005
0.436125 1.783837
0.152409 1.589511
0.065447 1.778649
0.458098 1.986862
0.376782 1.995834
0.369579 1.513443
0.163213 1.589526
0.074129 1.908597
0.053911 1.881527
0.228767 1.584307
0.413556 1.725288
0.180502 1.527116
0.449797 1.746055
0.058718 1.583483
0.169469 1.535005
0.005234 1.832163
0.073840 1.625584
0.057619 1.996597
0.234001 1.830287
0.451521 1.600543
0.136494 1.765801
0.357540 1.819971
0.440321 1.644917
0.318293 1.734214
0.035478 1.662954
0.401349 1.929960
0.044176 1.557207
0.333537 1.660558
0.154683 1.667333
0.132313 1.514451
0.429151 1.574740
1.999969 0.295282
1.975463 0.149342
1.995926 0.067110
1.624104 0.081576
1.753197 0.067843
1.500458 0.227958
1.754326 0.443907
1.633305 0.348125
1.932493 0.009308
1.989990 0.061754
1.613422 0.482345
1.579012 0.103275
1.563906 0.402799
1.510743 0.202490
1.662175 0.183081
1.656545 0.169332
1.956084 0.496261
1.797311 0.010987
1.624622 0.454054
1.901868 0.159139
1.608341 0.278024
1.925810 0.135807
1.924360 0.417127
1.771615 0.235878
1.931501 0.314554
1.800317 0.054125
1.561388 0.277230
1.535752 0.435377
1.780938 0.150899
1.951720 0.175344
1.801736 0.254021
1.982666 0.050844
1.802454 0.273583
1.648915 0.007035
1.679235 0.075976
1.936567 0.080142
1.590350 0.135990
1.822840 0.383541
1.810099 0.037095
1.587771 0.235557
1.658193 0.246239
1.802591 0.256890
1.519791 0.116001
1.635243 0.016007
1.722022 0.317606
1.864391 0.050386
1.782586 0.157567
1.741554 0.341945
1.796014 0.481384
1.592883 0.074618
1.973357 0.117100
1.800577 0.252464
1.600681 0.062273
1.554918 0.005936
1.932203 0.366970
1.517472 0.165151
1.783639 0.416333
1.785943 0.427488
1.841304 0.065691
1.801416 0.198355
1.952757 0.331263
1.588763 0.432752
1.914396 0.089663
1.970504 0.055940
1.521851 0.489410
1.644963 0.291513
1.898694 0.027253
1.769417 0.474532
1.868953 0.493057
1.938627 0.178411
1.889416 0.235435
1.699499 0.233283
1.806940 0.452391
1.992721 0.464003
1.956694 0.458937
1.661351 0.226173
1.866771 0.135838
1.917951 0.068102
1.584979 0.011856
1.909848 0.096759
1.893185 0.183020
1.774026 0.376064
1.925108 0.021897
1.821741 0.435453
1.952925 0.380078
1.743568 0.217017
1.858623 0.236885
1.975784 0.039186
1.555376 0.497589
1.618320 0.405103
1.874859 0.393994
1.545244 0.233863
1.685888 0.190924
1.598102 0.342860
1.760292 0.151311
1.503037 0.258980
1.651341 0.463256
1.902081 0.187292
1.600543 0.082095
1.639287 0.214911
1.738441 0.190786
1.692541 0.078402
1.594821 0.231300
1.891339 0.072741
1.684362 0.210746
1.811335 0.430128
1.682867 0.234764
1.986434 0.246467
1.960051 0.471755
1.828623 0.283959
1.984420 0.000824
1.896741 0.227760
1.865780 0.246712
1.904233 0.224860
1.551134 0.454573
1.606952 0.283288
1.939497 0.408185
1.961455 0.359859
1.931150 0.344279
1.694342 0.214438
1.677404 0.266305
1.673437 0.359035
1.545854 0.110752
1.721336 0.179601
1.567278 0.469161
1.761940 0.058992
1.879513 0.318842
1.940642 0.078906
1.934080 0.465651
1.608722 0.128986
1.981109 0.151616
1.812754 0.001511
1.598193 0.030931
1.679327 0.299310
1.778863 0.467071
1.836100 0.235405
1.846156 0.354335
1.759438 0.152364
1.707129 0.417112
1.689566 0.339564
1.713767 0.189596
1.503662 0.476241
1.645909 0.129368
1.687613 0.278848
1.581942 0.067919
1.796960 0.180593
1.672781 0.451231
1.547822 0.121189
1.584796 0.073336
1.928343 0.275292
1.627323 1.756508
1.971038 1.797357
1.830363 1.680502
1.577258 1.911359
1.988098 1.814600
1.533799 1.923261
1.933836 1.655171
1.612507 1.984512
1.562059 1.722098
1.893643 1.684652
1.863231 1.517075
1.703406 1.801157
1.986663 1.896970
1.806436 1.784524
1.597659 1.565279
1.743721 1.806970
1.544053 1.635105
1.956679 1.952681
1.597934 1.966155
1.587985 1.877804
1.788263 1.729621
1.599872 1.518174
1.589862 1.903623
1.600299 1.673284
1.984542 1.652333
1.517808 1.543992
1.659871 1.792199
1.515687 1.552828
1.861324 1.798028
1.785974 1.524338
1.663259 1.552309
1.613910 1.554125
1.674673 1.790963
1.853694 1.644368
1.944914 1.948210
1.705786 1.934141
1.585330 1.854183
1.936750 1.602512
1.872448 1.988281
1.932035 1.772683
1.848018 1.741005
1.722373 1.995193
1.681951 1.888073
1.874584 1.638371
1.813486 1.729240
1.886944 1.764122
1.636235 1.595584
1.980438 1.817194
1.742958 1.677816
1.925901 1.706030
1.995422 1.879223
1.797967 1.603458
1.935072 1.645924
1.796472 1.545000
1.800226 1.978103
1.525742 1.653417
1.665303 1.574633
1.872692 1.567141
1.967696 1.815043
1.873928 1.901151
1.938017 1.531068
1.712973 1.817942
1.699301 1.771874
1.737938 1.537187
1.550752 1.515030
1.640187 1.861934
1.701727 1.527375
1.684973 1.549455
1.971389 1.828135
1.634251 1.605075
1.720038 1.957701
1.752724 1.826853
1.527375 1.505417
1.537217 1.679449
1.883419 1.599109
1.560717 1.825190
1.907880 1.809610
1.570833 1.890515
1.863338 1.673574
1.734184 1.795801
1.978103 1.787591
1.666616 1.726920
1.844234 1.676534
1.640339 1.576449
1.906323 1.889676
1.608432 1.932737
1.806787 1.527268
1.937254 1.944960
1.603275 1.651143
1.987610 1.642247
1.623585 1.781930
1.935102 1.535112
1.974181 1.936537
1.970443 1.577166
1.967315 1.908750
1.770119 1.815302
1.983108 1.746101
1.878368 1.806497
1.531449 1.626072
1.890805 1.629383
1.530015 1.585055
1.580447 1.568636
1.563540 1.802698
1.856822 1.800333
1.640187 1.895245
1.698538 1.656362
1.710791 1.920743
1.950316 1.796197
1.966124 1.549181
1.624760 1.863903
1.678365 1.601032
1.599719 1.958617
1.602023 1.906796
1.851711 1.996765
1.700049 1.691107
1.616108 1.793832
1.710807 1.934461
1.614872 1.944075
1.821467 1.915433
1.742012 1.826228
1.963469 1.886761
1.847896 1.813227
1.995727 1.588397
1.512711 1.514298
1.791085 1.550508
1.949965 1.627247
1.991729 1.889721
1.930189 1.729270
1.949263 1.551530
1.866070 1.584475
1.614780 1.702292
1.949248 1.795984
1.895062 1.723624
1.979431 1.880917
1.739845 1.512543
1.776543 1.596454
1.976531 1.540345
1.816645 1.594897
1.657231 1.873425
1.981841 1.735954
1.934523 1.609104
1.565294 1.634449
1.730766 1.929716
1.921766 1.771462
1.717277 1.727805
1.903989 1.747017
1.868557 1.505936
1.976241 1.502655
1.607318 1.503937
1.644887 1.591693
0.722459 0.205426
0.638905 0.260421
0.664370 0.029054
0.675564 0.299240
0.680905 0.303964
0.668105 0.118632
0.784014 0.127335
0.717264 0.034681
0.618781 0.313242
0.675143 0.295956
0.670693 0.198981
0.660457 0.041884
0.752947 0.371215
0.694510 0.337059
0.780108 0.073952
0.714109 0.143657
0.734361 0.261190
0.717655 0.294833
0.630549 0.256502
0.700766 0.331199
0.786364 0.182159
0.737504 0.063234
0.603736 0.320420
0.663625 0.321921
0.767974 0.369103
0.718009 0.360131
0.670553 0.154411
0.798535 0.367309
0.762157 0.363256
0.688675 0.160015
0.641865 0.057399
0.711039 0.110648
0.789111 0.332505
0.764098 0.176959
0.744279 0.083804
0.798407 0.294919
0.644539 0.041664
0.688473 0.397302
0.720920 0.238899
0.756652 0.120548
0.662960 0.272774
0.705155 0.062490
0.657241 0.324046
0.612586 0.253255
0.605945 0.295419
0.751158 0.101981
0.731773 0.232124
0.680837 0.281857
0.675430 0.187030
0.776727 0.015906
0.691928 0.292758
0.645875 0.226069
0.651985 0.003259
0.789825 0.008008
0.654756 0.067629
0.769054 0.094339
0.758110 0.198199
0.625691 0.368419
0.632759 0.395862
0.620631 0.291647
0.646486 0.094754
0.641383 0.106388
0.784649 0.289218
0.736833 0.077285
0.713297 0.004956
0.735270 0.033253
0.791125 0.277560
0.601813 0.072781
0.736473 0.200250
0.691592 0.295114
0.755681 0.203986
0.754784 0.019544
0.638997 0.331809
0.649989 0.355712
0.630354 0.270333
0.621949 1.786847
0.777178 1.700845
0.700021 1.829218
0.766546 1.732316
0.673598 1.629481
0.753923 1.978979
0.600714 1.763067
0.790753 1.644948
0.706131 1.695706
0.757036 1.978442
0.625080 1.970775
0.605377 1.657839
0.649049 1.984973
0.622480 1.672500
0.729655 1.614686
0.714536 1.660463
0.697043 1.955773
0.622681 1.865719
0.649001 1.838899
0.674783 1.877511
0.766979 1.783441
0.779791 1.914231
0.715311 1.651942
0.670925 1.814191
0.679946 1.667971
0.703958 1.896127
0.602844 1.859725
0.616797 1.651540
0.668307 1.991858
0.756658 1.631727
0.797546 1.848225
0.781054 1.691739
0.607685 1.927805
0.738908 1.753911
0.791504 1.616407
0.737931 1.853426
0.774041 1.696683
0.704605 1.628394
0.602527 1.858968
0.643031 1.616993
0.725669 1.675246
0.698776 1.724100
0.618677 1.699149
0.634126 1.619947
0.710257 1.953978
0.620862 1.633399
0.767772 1.671621
0.756908 1.702152
0.796899 1.944859
0.613007 1.742497
0.611927 1.955199
0.615790 1.801178
0.733116 1.639247
0.773351 1.751677
0.767113 1.855708
0.749699 1.697635
0.726933 1.715665
0.794275 1.645680
0.647627 1.738786
0.732798 1.610437
0.753856 1.697598
0.725700 1.913962
0.735704 1.812726
0.600348 1.642177
0.788940 1.761296
0.663399 1.821015
0.775976 1.761223
0.799451 1.674368
0.763793 1.793634
0.762242 1.726737
0.695041 1.626246
0.664791 1.712809
0.648634 1.699869
0.774474 1.856661
0.645998 1.940831
1.219501 0.282882
1.259310 0.161504
1.313016 0.322312
1.377947 0.311863
1.300888 0.074819
1.389337 0.244050
1.239735 0.391540
1.330552 0.052944
1.211194 0.039125
1.266891 0.254878
1.378753 0.208747
1.253560 0.067177
1.293454 0.331785
1.336918 0.251009
1.354668 0.165337
1.351335 0.379980
1.232185 0.109610
1.368078 0.196954
1.355901 0.319895
1.352367 0.121854
1.279263 0.175567
1.284848 0.172491
1.222926 0.268575
1.303842 0.361327
1.204608 0.074062
1.324497 0.230488
1.261599 0.265389
1.291153 0.187579
1.372051 0.036280
1.319169 0.304733
1.381390 0.392517
1.282431 0.043422
1.340037 0.175506
1.302860 0.167718
1.358702 0.180633
1.298068 0.308054
1.387487 0.132389
1.243495 0.238508
1.225123 0.279208
1.305264 0.329795
1.364507 0.370275
1.299942 0.040468
1.380755 0.176824
1.237556 0.309030
1.268209 0.320566
1.204028 0.309165
1.232417 0.371496
1.339341 0.030909
1.343492 0.177947
1.367614 0.350084
1.357018 0.190948
1.235414 0.048268
1.308805 0.345787
1.314548 0.246516
1.389752 0.062978
1.325492 0.114335
1.306937 0.131388
1.237800 0.317380
1.237434 0.235749
1.303757 0.065603
1.380816 0.091336
1.281405 0.224958
1.216791 0.348082
1.203363 0.354637
1.274239 0.026759
1.347539 0.132780
1.317685 0.249776
1.366021 0.232868
1.357726 0.228742
1.228523 0.313401
1.391449 0.071950
1.336454 0.383410
1.279232 0.373522
1.263906 0.006201
1.264119 0.347337
1.281985 1.603894
1.339982 1.667849
1.322428 1.925266
1.374792 1.780560
1.337053 1.939293
1.395221 1.844356
1.309091 1.617103
1.338817 1.868526
1.272744 1.864644
1.279989 1.806757
1.397198 1.668545
1.236122 1.970653
1.291311 1.917954
1.359947 1.925278
1.385345 1.964489
1.224525 1.629237
1.345732 1.983007
1.207099 1.981860
1.379492 1.995740
1.277944 1.739750
1.384204 1.822101
1.200616 1.965563
1.399988 1.616834
1.249739 1.771136
1.319700 1.658937
1.252614 1.717814
1.313565 1.853865
1.260952 1.836152
1.324503 1.611438
1.258895 1.827766
1.290426 1.762224
1.213624 1.611646
1.249733 1.974474
1.274789 1.777581
1.386242 1.734489
1.229048 1.708939
1.369860 1.952757
1.215882 1.737736
1.249165 1.658217
1.211060 1.894027
1.252242 1.643605
1.283840 1.612378
1.351915 1.923740
1.334336 1.757988
1.351701 1.669814
1.317148 1.734611
1.348759 1.681948
1.257631 1.837263
1.329978 1.662404
1.266927 1.611756
1.357567 1.952208
1.262117 1.983947
1.300321 1.993469
1.397705 1.920774
1.366845 1.980053
1.314628 1.786126
1.396997 1.958959
1.213172 1.753484
1.367754 1.645058
1.255922 1.838215
1.269820 1.611536
1.307016 1.911924
1.211145 1.918687
1.314023 1.861214
1.303696 1.643373
1.338646 1.853645
1.389611 1.771990
1.342454 1.673037
1.363140 1.718937
1.334013 1.887020
1.344475 1.933567
1.383526 1.808869
1.261806 1.657827
1.311368 1.816584
1.297855 1.897238
1.566332 0.956999
1.570421 1.337870
0.320566 0.191534
0.096866 0.899686
0.715232 0.256050
0.693808 1.132420
0.763146 1.424787
0.597674 1.147618
1.665822 1.485275
1.271157 1.082003
0.439955 0.106632
0.547563 1.912839
1.721122 1.680837
1.357952 1.527757
0.804163 0.448317
1.602283 1.360759
0.986175 0.722800
0.727805 0.906888
1.271035 0.024415
1.577075 0.428663
1.500900 1.937071
1.067659 1.166417
0.975616 0.499710
0.266793 1.364666
1.622791 0.946379
1.422956 1.427656
1.781060 0.605426
0.516495 0.516495
1.659719 0.772179
0.893216 1.899838
0.535844 1.366253
0.541459 1.371014
0.752892 1.186438
0.577227 0.044435
0.581988 1.576403
1.497787 1.843013
1.009552 0.312510
0.768334 0.989410
0.512711 1.526719
0.302377 1.814325
0.885830 0.477493
1.399762 0.192694
0.180181 0.980682
1.703604 0.922697
1.819575 0.313181
1.739982 0.356945
1.953673 1.401410
1.601367 0.601459
0.112980 1.107944
1.337870 0.592975
1.226722 0.427931
1.617420 0.367748
0.065859 1.408307
0.218207 1.834285
0.175604 0.601947
0.915922 0.362194
0.357799 1.870174
0.327097 0.500809
0.766869 0.344249
1.273415 0.137822
1.681631 0.360790
0.226753 0.413343
1.015107 1.181432
1.399457 1.699026
1.625721 1.310282
1.041414 0.957121
0.490799 1.222144
0.506668 0.790490
0.807031 1.312723
1.652272 1.496384
1.078158 0.884182
1.131199 0.436720
0.254036 0.978362
1.142979 0.037904
0.982940 0.870510
1.203040 0.730735
0.039308 1.034822
0.494766 0.145573
1.990295 0.396069
1.366131 0.873135
1.162450 0.678549
1.532212 0.104251
1.972411 1.664602
1.548936 1.461409
0.682760 0.176702
1.117771 0.333628
0.646565 0.594501
0.784814 1.028535
0.102359 1.718680
0.597797 1.052522
0.582781 1.796197
0.281869 0.832728
0.998627 0.517228
0.497635 0.192938
1.461653 1.798028
1.743889 1.895932
1.907407 0.160527
0.466872 1.564196
1.582202 0.523270
0.939970 0.292917
0.455275 0.213691
0.474502 1.266518
0.619587 1.016633
0.525529 0.690817
0.743065 0.069948
1.254677 0.355724
1.633290 1.420576
0.112125 0.137638
1.978088 1.052705
0.001465 1.757073
0.324168 1.202002
1.587939 0.101688
0.357067 0.766564
1.314737 1.429060
1.543260 1.628895
1.688101 0.760338
0.199286 1.699515
1.395001 1.777886
1.048616 0.496841
1.814936 1.539354
0.328990 0.073855
1.488998 1.321085
0.513810 1.105564
1.108310 1.901914
1.708487 0.948393
0.584796 0.602008
1.785577 1.485519
0.766015 0.387463
0.320566 1.569384
1.357463 0.353771
0.391247 1.874386
1.614063 1.901120
1.301981 0.972503
1.363994 1.913144
0.297250 0.443678
0.926786 1.252358
0.325510 1.834407
1.488754 1.884579
1.916379 1.275491
0.497391 0.944304
0.233345 0.573931
1.638844 1.054598
1.365642 0.588519
1.958373 1.212806
0.919584 1.704154
1.689383 1.555650
0.974395 1.215369
1.351238 0.315378
0.463088 0.433546
1.678884 0.280160
